169
139.8 2 0 0 184
48 2 1 0 0
149.7 1 0 1 184
47 2 1 1 0
146.5 1 0 2 184
50 2 1 2 0
138.2 0 0 3 184
40 0 1 3 0
30 2 0 4 0
36 1 1 4 0
124.2 2 0 5 184
24 2 1 5 0
131.1 0 0 6 184
32 0 1 6 0
136.3 2 0 7 184
22 1 1 7 0
150.3 2 0 8 184
21 1 1 8 0
30 1 0 9 0
28 1 1 9 0
31 1 0 10 0
35 1 1 10 0
28 0 0 11 0
42 0 1 11 0
148.4 1 0 12 184
36 1 1 12 0
43 2 0 13 0
34 2 1 13 0
147.1 2 0 14 184
39 2 1 14 0
99.2 1 0 15 121
23 2 1 15 0
106.3 1 0 16 121
20 2 1 16 0
105.7 1 0 17 121
25 1 1 17 0
115.3 2 0 18 121
29 1 1 18 0
103.7 2 0 19 121
34 2 1 19 0
113.9 2 0 20 121
21 2 1 20 0
103.2 2 0 21 121
27 2 1 21 0
110.3 1 0 22 121
39 2 1 22 0
102.8 0 0 23 121
28 0 1 23 0
113.6 0 0 24 121
44 0 1 24 0
101.7 0 0 25 121
33 0 1 25 0
106 0 0 26 121
43 0 1 26 0
97.1 0 0 27 121
36 0 1 27 0
99.2 0 0 28 121
47 0 1 28 0
116.2 0 0 29 121
28 0 1 29 0
97.7 0 0 30 121
30 0 1 30 0
115.5 1 0 31 121
23 2 1 31 0
102.5 1 0 32 121
26 2 1 32 0
99.7 0 0 33 121
23 0 1 33 0
87.1 2 0 34 121
50 2 1 34 0
103.3 0 0 35 121
25 0 1 35 0
102.7 0 0 36 121
28 0 1 36 0
107.6 2 0 37 121
32 1 1 37 0
115.9 1 0 38 121
34 1 1 38 0
114 0 0 39 121
26 0 1 39 0
69 0 0 40 42
24 0 1 40 0
47.8 1 0 41 42
42 1 1 41 0
66.8 1 0 42 42
26 2 1 42 0
50 1 0 43 42
38 2 1 43 0
50.6 2 0 44 42
43 2 1 44 0
68.3 1 0 45 42
28 1 1 45 0
71.7 0 0 46 42
33 0 1 46 0
50.9 2 0 47 42
23 1 1 47 0
49.1 1 0 48 42
39 2 1 48 0
61.2 0 0 49 42
45 0 1 49 0
50.8 0 0 50 42
33 0 1 50 0
51.8 0 0 51 42
44 0 1 51 0
60.7 0 0 52 42
39 0 1 52 0
55.8 1 0 53 42
48 1 1 53 0
53.4 1 0 54 42
38 2 1 54 0
21 2 0 55 0
36 2 1 55 0
20 0 0 56 0
28 0 1 56 0
30 2 0 57 0
47 2 1 57 0
39 2 0 58 0
44 1 1 58 0
42 0 0 59 0
24 0 1 59 0
47 0 0 60 0
32 0 1 60 0
47 0 0 61 0
33 1 0 62 0
36 2 1 62 0
50 2 0 63 0
36 2 1 63 0
22 2 0 64 0
22 1 1 64 0
42 0 0 65 0
35 0 0 66 0
29 1 0 67 0
39 2 1 67 0
50 1 0 68 0
47 2 1 68 0
36 0 0 69 0
48 0 0 70 0
32 0 0 71 0
23 2 0 72 0
31 2 1 72 0
33 1 0 73 0
48 2 1 73 0
32 1 0 74 0
36 1 1 74 0
23 2 0 75 0
20 1 1 75 0
39 0 0 76 0
31 1 0 77 0
32 0 0 78 0
21 1 0 79 0
29 2 0 80 0
45 0 0 81 0
29 1 0 82 0
39 2 0 83 0
33 1 0 84 0
31 0 0 85 0
38 0 0 86 0
24 2 0 87 0
22 0 0 88 0
47 2 0 89 0
26 2 0 90 0
48 1 0 91 0
21 2 0 92 0
26 2 0 93 0
32 1 0 94 0
38 0 0 95 0
32 1 0 96 0
39 1 0 97 0
49 0 0 98 0
